0 79 6
1 30 7
1 57 8
1 62 6
1 67 16
1 86 1
1 87 4
1 98 10
3 8 10
3 33 13
3 41 16
3 59 15
3 67 10
3 77 6
4 98 8
5 23 8
5 25 8
5 98 14
6 3 3
6 35 5
6 42 20
6 69 19
6 75 14
6 95 2
7 13 4
7 36 3
7 86 12
8 67 10
8 75 15
8 79 19
9 73 11
10 59 14
10 73 1
11 22 10
11 25 8
11 53 15
11 58 9
12 50 19
13 10 1
15 19 20
15 36 9
15 43 17
15 57 20
15 61 12
15 66 7
15 79 16
16 8 13
16 52 4
16 55 5
16 77 9
17 28 10
17 54 11
17 79 3
18 26 15
18 74 14
18 95 17
19 8 18
19 21 11
19 30 11
19 37 2
19 43 5
19 63 18
19 68 13
20 18 10
20 39 4
20 52 3
20 67 1
23 53 17
24 42 10
24 47 20
24 61 2
25 42 9
29 18 10
29 55 9
29 84 20
30 2 1
30 56 2
30 63 8
30 79 8
31 22 9
31 88 12
32 59 8
32 62 19
32 86 3
33 2 5
33 9 5
33 23 16
33 56 8
33 90 11
35 17 18
35 26 19
35 40 5
35 56 13
36 25 7
36 56 1
38 1 2
38 12 11
38 18 6
38 62 18
39 9 8
40 58 15
40 62 18
41 9 17
41 39 7
41 63 2
41 82 7
43 37 15
43 58 7
43 98 11
45 36 7
45 73 2
45 82 2
45 98 14
46 51 6
46 94 2
47 52 19
47 67 9
47 85 10
48 44 14
48 58 14
49 59 10
49 86 1
52 98 7
54 40 9
54 63 1
54 64 20
57 32 6
57 37 4
57 98 7
60 15 10
60 20 4
60 33 14
60 36 14
60 80 2
60 94 13
61 34 1
61 86 18
62 34 15
62 94 9
64 22 7
65 25 4
65 44 7
65 94 16
66 59 1
66 69 7
66 70 19
67 14 2
67 27 8
67 51 12
67 62 11
69 1 14
69 12 13
69 51 7
70 53 9
71 19 2
72 91 12
74 34 12
76 3 5
76 14 18
77 61 3
77 70 15
78 10 18
78 21 17
80 17 4
80 25 7
80 41 6
80 56 6
80 92 17
81 26 3
81 37 7
81 89 12
82 34 16
83 9 13
83 82 6
83 86 6
85 50 20
85 52 9
86 63 3
88 61 15
89 12 17
89 75 8
90 13 3
90 65 5
90 88 4
90 98 13
91 0 14
91 7 17
91 14 4
91 50 9
91 57 1
91 61 10
92 21 18
92 98 16
93 56 15
93 87 13
96 12 16
96 77 14
99 25 14
99 69 19
99 77 8
