0 131 1
0 264 1
0 641 1
0 667 1
0 946 1
0 971 1
3 911 1
4 209 1
4 294 1
4 810 1
5 162 1
5 524 1
5 700 1
7 119 1
7 360 1
8 123 1
10 37 1
10 677 1
10 905 1
11 528 1
11 641 1
12 50 1
12 213 1
12 627 1
13 223 1
13 562 1
14 58 1
14 460 1
15 245 1
15 821 1
16 498 1
16 595 1
16 996 1
17 164 1
18 29 1
18 57 1
20 211 1
20 289 1
20 828 1
21 333 1
21 651 1
22 127 1
22 295 1
22 865 1
23 261 1
23 323 1
23 401 1
23 523 1
23 529 1
24 2 1
24 651 1
24 730 1
24 871 1
25 325 1
25 377 1
25 632 1
26 97 1
26 304 1
26 447 1
26 517 1
27 205 1
30 558 1
34 586 1
34 796 1
34 798 1
34 917 1
34 978 1
35 225 1
35 517 1
35 681 1
36 86 1
38 8 1
38 42 1
38 433 1
38 636 1
41 336 1
41 837 1
41 913 1
41 955 1
42 36 1
42 171 1
42 686 1
43 292 1
45 789 1
46 303 1
46 351 1
46 397 1
46 993 1
47 665 1
49 569 1
51 403 1
52 580 1
52 686 1
54 196 1
55 412 1
55 900 1
56 170 1
56 293 1
56 475 1
56 714 1
59 115 1
59 147 1
59 386 1
59 497 1
59 893 1
61 892 1
61 928 1
62 224 1
62 463 1
65 39 1
65 815 1
66 457 1
66 703 1
69 159 1
69 374 1
69 494 1
69 842 1
70 690 1
71 14 1
71 445 1
71 489 1
71 711 1
72 81 1
72 386 1
72 936 1
74 377 1
76 265 1
77 757 1
78 350 1
78 556 1
78 632 1
78 855 1
79 73 1
79 171 1
79 210 1
82 406 1
82 967 1
83 175 1
83 933 1
83 978 1
84 146 1
84 183 1
84 763 1
87 35 1
87 44 1
87 681 1
87 940 1
88 432 1
88 493 1
88 892 1
89 610 1
89 635 1
90 42 1
90 661 1
90 761 1
91 54 1
91 764 1
94 12 1
94 426 1
94 504 1
94 837 1
94 913 1
96 110 1
96 225 1
96 739 1
97 858 1
98 145 1
98 218 1
98 289 1
98 763 1
100 253 1
102 618 1
104 859 1
105 134 1
107 272 1
107 824 1
108 398 1
110 194 1
110 375 1
110 812 1
110 874 1
111 675 1
112 315 1
113 971 1
114 837 1
116 312 1
116 482 1
116 601 1
116 830 1
117 309 1
117 483 1
117 576 1
117 760 1
119 136 1
120 586 1
122 913 1
123 909 1
123 988 1
124 439 1
125 885 1
125 999 1
126 294 1
126 782 1
128 9 1
128 369 1
128 704 1
128 813 1
129 481 1
130 143 1
130 859 1
131 272 1
132 914 1
133 286 1
133 459 1
133 939 1
134 931 1
135 137 1
135 174 1
135 397 1
135 894 1
135 980 1
137 44 1
138 296 1
138 434 1
140 108 1
140 349 1
140 376 1
140 670 1
140 691 1
140 862 1
140 978 1
141 78 1
141 126 1
141 294 1
141 569 1
142 868 1
143 39 1
144 36 1
144 737 1
144 762 1
146 246 1
146 364 1
147 782 1
148 406 1
149 54 1
149 301 1
149 601 1
149 889 1
150 594 1
151 135 1
151 343 1
151 478 1
151 516 1
152 485 1
152 678 1
152 957 1
153 418 1
153 826 1
156 80 1
156 618 1
157 929 1
158 31 1
158 328 1
159 28 1
159 57 1
159 387 1
159 716 1
159 924 1
160 16 1
160 434 1
160 677 1
160 740 1
160 863 1
161 251 1
161 323 1
165 23 1
165 67 1
165 256 1
165 336 1
165 763 1
165 764 1
165 828 1
167 234 1
167 478 1
167 713 1
167 953 1
168 397 1
169 134 1
169 326 1
169 606 1
169 624 1
169 965 1
170 143 1
170 863 1
171 745 1
172 653 1
172 686 1
173 537 1
173 675 1
177 323 1
178 39 1
179 559 1
180 8 1
180 732 1
180 762 1
180 926 1
181 228 1
182 288 1
182 818 1
183 372 1
183 826 1
183 892 1
184 267 1
184 716 1
185 348 1
185 451 1
185 654 1
186 158 1
186 436 1
186 489 1
188 401 1
188 454 1
188 461 1
188 559 1
189 108 1
189 687 1
190 218 1
190 531 1
190 544 1
190 611 1
190 739 1
190 805 1
190 849 1
190 955 1
191 19 1
191 606 1
192 413 1
193 99 1
195 2 1
195 227 1
195 386 1
195 577 1
195 827 1
195 914 1
195 944 1
196 58 1
196 457 1
197 284 1
197 528 1
197 878 1
198 571 1
199 45 1
199 132 1
199 253 1
201 60 1
201 86 1
202 201 1
202 472 1
202 694 1
202 730 1
202 867 1
203 826 1
204 484 1
204 610 1
204 908 1
205 58 1
206 324 1
206 480 1
206 502 1
207 39 1
207 137 1
207 386 1
207 762 1
209 240 1
209 325 1
209 988 1
210 772 1
211 132 1
211 460 1
213 177 1
213 309 1
214 814 1
215 61 1
215 361 1
215 555 1
216 33 1
216 40 1
216 142 1
216 304 1
216 410 1
216 578 1
216 989 1
217 57 1
217 288 1
217 376 1
217 838 1
219 908 1
220 358 1
220 526 1
220 652 1
220 657 1
221 408 1
221 830 1
222 156 1
222 439 1
224 675 1
224 977 1
226 197 1
226 375 1
226 459 1
226 702 1
226 746 1
226 930 1
227 178 1
227 383 1
228 795 1
229 163 1
229 389 1
230 122 1
230 845 1
231 155 1
232 97 1
232 108 1
232 115 1
232 418 1
232 458 1
232 599 1
232 675 1
232 801 1
232 824 1
232 835 1
232 973 1
234 294 1
235 208 1
236 22 1
236 155 1
236 752 1
236 835 1
237 18 1
237 163 1
237 223 1
237 564 1
238 158 1
238 173 1
239 573 1
239 671 1
239 711 1
239 751 1
239 802 1
239 920 1
239 936 1
239 947 1
242 319 1
242 792 1
243 19 1
243 132 1
243 231 1
243 437 1
243 498 1
244 175 1
244 736 1
245 659 1
246 251 1
247 267 1
247 504 1
247 709 1
247 875 1
247 963 1
248 127 1
248 615 1
248 667 1
248 746 1
248 928 1
249 103 1
249 153 1
249 218 1
249 767 1
252 524 1
252 625 1
252 638 1
252 662 1
252 796 1
252 907 1
253 403 1
253 434 1
253 909 1
255 859 1
256 177 1
256 196 1
256 339 1
256 569 1
256 977 1
257 155 1
257 164 1
257 421 1
257 520 1
257 669 1
257 765 1
257 805 1
259 725 1
260 47 1
260 356 1
260 733 1
260 772 1
260 788 1
260 814 1
262 68 1
262 175 1
262 380 1
262 410 1
262 938 1
263 815 1
263 826 1
267 569 1
267 814 1
268 44 1
268 251 1
268 400 1
268 821 1
271 234 1
272 968 1
273 86 1
273 112 1
274 558 1
274 733 1
274 772 1
275 33 1
276 350 1
276 651 1
276 678 1
276 957 1
277 551 1
277 799 1
278 390 1
278 438 1
278 717 1
279 417 1
280 639 1
281 676 1
281 826 1
281 829 1
282 254 1
282 354 1
282 365 1
283 671 1
283 696 1
284 3 1
284 154 1
285 18 1
285 439 1
285 681 1
285 760 1
285 879 1
286 85 1
286 931 1
287 315 1
288 865 1
289 61 1
289 883 1
289 921 1
289 992 1
289 995 1
290 124 1
290 322 1
290 774 1
290 850 1
290 896 1
291 258 1
291 693 1
291 976 1
293 736 1
293 777 1
298 788 1
298 919 1
298 974 1
299 338 1
299 720 1
299 819 1
300 95 1
300 714 1
300 904 1
302 177 1
303 439 1
303 939 1
304 581 1
304 625 1
304 714 1
305 217 1
305 426 1
306 294 1
307 418 1
307 619 1
308 44 1
308 445 1
308 690 1
309 115 1
310 681 1
311 99 1
312 651 1
312 785 1
313 4 1
313 212 1
313 372 1
313 622 1
313 646 1
314 170 1
314 391 1
314 691 1
317 544 1
317 646 1
317 747 1
317 852 1
317 866 1
317 933 1
318 126 1
318 340 1
318 463 1
319 306 1
320 62 1
320 78 1
320 168 1
320 892 1
321 214 1
321 293 1
322 147 1
322 881 1
324 562 1
326 42 1
326 581 1
326 723 1
326 937 1
327 626 1
327 651 1
327 745 1
327 754 1
328 944 1
329 727 1
331 113 1
331 214 1
331 686 1
332 153 1
332 343 1
332 408 1
333 54 1
333 76 1
333 108 1
333 164 1
333 881 1
334 177 1
334 777 1
334 866 1
335 115 1
335 253 1
335 292 1
335 403 1
335 507 1
335 957 1
336 6 1
336 582 1
336 643 1
337 493 1
337 530 1
337 878 1
338 103 1
338 399 1
339 430 1
339 652 1
339 716 1
339 826 1
340 878 1
341 410 1
342 119 1
342 293 1
343 120 1
343 534 1
344 18 1
344 59 1
344 98 1
344 213 1
345 179 1
345 994 1
346 439 1
346 447 1
346 522 1
346 654 1
347 6 1
347 79 1
347 310 1
347 905 1
347 908 1
348 967 1
349 59 1
349 287 1
349 310 1
349 386 1
349 736 1
350 101 1
352 41 1
352 584 1
352 630 1
353 113 1
353 274 1
353 345 1
353 807 1
356 154 1
356 652 1
356 694 1
357 254 1
357 323 1
357 904 1
359 168 1
359 847 1
360 435 1
361 309 1
362 165 1
362 577 1
362 988 1
363 33 1
363 112 1
364 49 1
366 386 1
367 350 1
367 950 1
367 951 1
368 643 1
369 736 1
370 140 1
370 163 1
370 190 1
370 211 1
370 796 1
371 107 1
371 216 1
373 484 1
373 932 1
374 119 1
374 270 1
374 565 1
374 665 1
376 941 1
377 308 1
378 245 1
379 437 1
379 456 1
379 650 1
379 736 1
379 971 1
379 974 1
381 270 1
381 438 1
381 493 1
382 437 1
382 963 1
385 640 1
388 72 1
388 226 1
388 824 1
389 90 1
389 256 1
389 911 1
390 179 1
390 479 1
390 570 1
390 917 1
390 929 1
391 464 1
392 566 1
392 670 1
393 308 1
393 968 1
394 175 1
394 365 1
394 820 1
395 727 1
396 171 1
396 292 1
396 434 1
398 136 1
399 1 1
400 57 1
402 76 1
402 100 1
402 738 1
402 931 1
405 298 1
405 372 1
405 974 1
406 646 1
407 49 1
407 798 1
407 874 1
408 293 1
408 859 1
409 218 1
409 234 1
409 558 1
410 715 1
411 510 1
411 537 1
412 30 1
412 63 1
412 301 1
412 739 1
412 863 1
413 397 1
414 803 1
414 929 1
415 76 1
415 503 1
415 949 1
416 90 1
416 123 1
416 303 1
416 490 1
416 901 1
417 497 1
417 571 1
419 139 1
419 395 1
419 657 1
420 57 1
420 259 1
420 819 1
420 824 1
421 332 1
421 367 1
421 921 1
422 397 1
423 65 1
423 813 1
423 894 1
424 29 1
424 488 1
424 778 1
425 614 1
426 30 1
426 660 1
427 56 1
427 133 1
427 148 1
427 183 1
427 640 1
427 737 1
428 210 1
428 389 1
428 447 1
428 692 1
428 874 1
428 906 1
428 927 1
429 106 1
431 165 1
431 676 1
431 821 1
432 595 1
433 103 1
433 911 1
436 385 1
437 240 1
438 387 1
438 640 1
440 40 1
440 289 1
441 768 1
442 5 1
442 230 1
442 358 1
442 457 1
444 57 1
444 168 1
444 803 1
444 893 1
446 795 1
448 142 1
449 86 1
449 138 1
449 222 1
449 339 1
449 556 1
449 842 1
450 149 1
450 294 1
450 476 1
450 525 1
450 635 1
450 774 1
450 799 1
450 930 1
451 53 1
451 445 1
451 595 1
451 803 1
451 878 1
452 601 1
453 146 1
453 183 1
453 646 1
453 661 1
453 855 1
453 949 1
453 959 1
454 129 1
454 150 1
454 286 1
454 480 1
454 524 1
454 942 1
455 467 1
455 764 1
455 880 1
455 981 1
457 297 1
458 578 1
458 619 1
459 786 1
461 160 1
461 712 1
461 966 1
462 154 1
462 270 1
462 438 1
462 735 1
463 50 1
464 54 1
464 119 1
465 272 1
465 571 1
465 583 1
465 960 1
466 319 1
466 546 1
466 673 1
466 705 1
466 720 1
467 126 1
467 143 1
467 147 1
468 430 1
468 446 1
468 710 1
468 956 1
469 113 1
469 267 1
469 309 1
469 482 1
469 498 1
469 621 1
469 711 1
470 288 1
470 338 1
470 944 1
471 292 1
471 619 1
472 514 1
472 558 1
476 228 1
478 41 1
478 168 1
478 308 1
478 762 1
478 773 1
479 50 1
479 217 1
479 436 1
480 163 1
480 378 1
480 512 1
480 729 1
481 581 1
483 357 1
483 434 1
483 950 1
484 29 1
484 580 1
485 213 1
486 183 1
486 235 1
487 289 1
487 641 1
487 723 1
487 925 1
488 801 1
489 253 1
490 93 1
490 210 1
490 234 1
490 437 1
491 14 1
491 142 1
491 825 1
492 618 1
492 956 1
492 969 1
494 53 1
494 356 1
494 885 1
495 12 1
495 64 1
495 180 1
495 938 1
495 983 1
495 999 1
496 767 1
496 820 1
498 733 1
500 714 1
500 869 1
501 217 1
501 261 1
501 600 1
501 950 1
501 960 1
502 457 1
502 939 1
503 86 1
503 292 1
503 323 1
503 526 1
503 989 1
504 54 1
504 380 1
504 443 1
506 216 1
506 523 1
508 569 1
508 957 1
509 516 1
509 659 1
509 713 1
511 164 1
511 201 1
513 741 1
514 833 1
516 328 1
517 560 1
517 651 1
517 824 1
518 387 1
519 213 1
519 317 1
519 762 1
519 764 1
520 106 1
520 804 1
521 52 1
521 244 1
521 259 1
521 384 1
521 401 1
521 464 1
521 621 1
521 625 1
521 709 1
522 222 1
522 279 1
522 288 1
522 445 1
523 132 1
524 592 1
527 172 1
527 247 1
527 502 1
527 599 1
527 939 1
529 159 1
529 642 1
529 760 1
530 481 1
531 423 1
531 467 1
533 43 1
533 80 1
533 401 1
533 727 1
534 366 1
534 435 1
534 528 1
534 627 1
534 676 1
535 103 1
535 403 1
535 544 1
536 345 1
536 520 1
536 542 1
536 635 1
537 445 1
537 499 1
537 581 1
538 98 1
538 386 1
538 832 1
539 275 1
539 806 1
540 170 1
540 763 1
540 935 1
540 937 1
541 272 1
545 272 1
546 459 1
546 524 1
546 529 1
546 592 1
546 643 1
546 715 1
547 351 1
547 777 1
549 596 1
549 622 1
549 779 1
549 878 1
551 855 1
551 914 1
551 941 1
553 19 1
553 146 1
553 196 1
553 452 1
554 211 1
554 248 1
554 260 1
554 504 1
554 858 1
556 92 1
556 384 1
556 528 1
556 978 1
558 973 1
559 2 1
561 746 1
563 296 1
565 153 1
565 924 1
566 54 1
566 736 1
567 351 1
568 9 1
568 542 1
570 724 1
570 895 1
571 782 1
572 863 1
573 99 1
574 23 1
574 131 1
574 351 1
575 73 1
575 268 1
575 743 1
575 919 1
576 995 1
578 434 1
578 625 1
578 885 1
580 131 1
580 276 1
580 562 1
580 981 1
581 931 1
582 81 1
582 497 1
583 1 1
583 275 1
584 475 1
584 606 1
585 119 1
585 688 1
589 54 1
589 557 1
590 233 1
591 139 1
593 8 1
593 107 1
593 197 1
593 548 1
593 595 1
593 690 1
594 434 1
596 113 1
596 711 1
597 977 1
598 64 1
598 921 1
599 508 1
601 137 1
601 296 1
601 600 1
602 113 1
602 524 1
602 741 1
602 806 1
603 44 1
604 111 1
604 408 1
604 717 1
604 833 1
605 289 1
605 753 1
606 678 1
607 644 1
607 831 1
607 926 1
608 281 1
608 553 1
608 912 1
609 110 1
609 667 1
609 682 1
609 758 1
611 417 1
612 133 1
612 365 1
612 451 1
613 212 1
613 878 1
614 302 1
614 400 1
614 824 1
615 386 1
616 296 1
616 431 1
616 793 1
616 974 1
617 251 1
617 497 1
619 642 1
619 795 1
620 750 1
620 945 1
621 156 1
621 468 1
622 66 1
622 116 1
622 679 1
622 721 1
623 670 1
623 806 1
624 101 1
624 387 1
626 410 1
627 67 1
628 18 1
628 477 1
628 499 1
628 547 1
628 639 1
628 713 1
628 781 1
629 45 1
629 137 1
629 265 1
629 541 1
629 888 1
630 426 1
631 486 1
631 565 1
631 759 1
632 264 1
632 445 1
633 384 1
633 640 1
634 438 1
634 707 1
634 806 1
635 824 1
635 897 1
636 13 1
636 393 1
636 505 1
637 54 1
637 57 1
637 716 1
638 59 1
638 128 1
638 148 1
639 683 1
641 452 1
641 710 1
641 754 1
642 665 1
643 103 1
644 512 1
645 228 1
645 377 1
645 517 1
646 786 1
647 194 1
648 2 1
648 422 1
648 689 1
649 320 1
649 393 1
649 895 1
649 919 1
652 526 1
653 269 1
653 831 1
653 919 1
653 981 1
655 164 1
655 393 1
655 534 1
656 99 1
656 144 1
657 102 1
657 208 1
657 211 1
657 265 1
657 647 1
658 782 1
660 65 1
660 92 1
660 304 1
660 950 1
661 397 1
661 977 1
662 23 1
662 92 1
662 215 1
662 666 1
663 711 1
664 673 1
664 902 1
664 967 1
666 378 1
666 660 1
666 724 1
667 309 1
667 590 1
667 793 1
668 811 1
668 821 1
669 65 1
669 371 1
670 274 1
670 787 1
670 977 1
671 47 1
671 101 1
671 417 1
671 866 1
672 61 1
672 504 1
672 765 1
674 119 1
674 754 1
674 943 1
674 981 1
676 688 1
679 698 1
680 555 1
681 49 1
682 3 1
682 58 1
684 37 1
684 193 1
684 544 1
685 278 1
685 381 1
685 459 1
685 465 1
685 711 1
686 161 1
686 585 1
687 944 1
690 445 1
691 541 1
691 945 1
692 530 1
693 137 1
693 500 1
694 170 1
695 56 1
695 358 1
695 737 1
697 56 1
699 147 1
700 100 1
701 69 1
701 126 1
701 199 1
701 309 1
702 848 1
702 970 1
704 57 1
705 12 1
705 229 1
705 323 1
705 766 1
706 384 1
707 110 1
707 500 1
707 714 1
707 833 1
707 928 1
708 877 1
709 947 1
710 60 1
710 294 1
711 86 1
712 39 1
712 175 1
713 60 1
713 325 1
713 423 1
716 968 1
717 309 1
717 812 1
719 325 1
719 390 1
719 507 1
719 852 1
719 994 1
720 54 1
720 493 1
721 646 1
721 992 1
722 264 1
722 325 1
722 337 1
722 435 1
722 530 1
722 849 1
722 933 1
724 158 1
725 958 1
726 12 1
726 116 1
726 131 1
726 340 1
726 749 1
726 842 1
726 947 1
727 354 1
727 883 1
727 981 1
728 2 1
728 76 1
728 499 1
728 789 1
728 831 1
729 223 1
731 49 1
731 706 1
732 92 1
732 225 1
732 659 1
733 460 1
734 60 1
734 137 1
734 250 1
734 590 1
734 861 1
735 294 1
735 677 1
735 971 1
737 744 1
738 293 1
738 644 1
740 505 1
741 445 1
741 718 1
743 53 1
743 245 1
743 270 1
743 422 1
743 821 1
744 50 1
746 18 1
746 838 1
746 957 1
747 606 1
747 735 1
748 7 1
748 39 1
748 493 1
748 664 1
748 670 1
748 963 1
749 6 1
750 95 1
750 200 1
750 497 1
750 528 1
751 203 1
751 269 1
751 475 1
752 579 1
753 355 1
753 557 1
753 865 1
755 245 1
755 618 1
755 787 1
756 144 1
756 253 1
756 398 1
756 464 1
756 543 1
756 803 1
757 122 1
757 267 1
758 3 1
758 180 1
758 492 1
759 523 1
759 595 1
759 968 1
762 542 1
763 814 1
764 481 1
765 131 1
765 303 1
765 445 1
765 456 1
765 928 1
767 159 1
767 750 1
767 820 1
768 714 1
769 241 1
769 512 1
769 691 1
769 803 1
770 218 1
770 733 1
770 810 1
771 276 1
771 460 1
771 584 1
771 833 1
773 56 1
774 947 1
775 62 1
775 193 1
778 721 1
780 146 1
780 447 1
780 794 1
781 134 1
781 250 1
783 120 1
783 189 1
783 275 1
783 555 1
783 872 1
783 901 1
784 166 1
784 971 1
786 28 1
786 586 1
787 68 1
787 310 1
787 689 1
787 833 1
788 814 1
789 984 1
790 29 1
791 162 1
791 356 1
791 397 1
791 406 1
791 503 1
791 523 1
792 171 1
792 264 1
792 395 1
793 619 1
793 764 1
793 859 1
796 501 1
796 597 1
797 30 1
797 136 1
797 149 1
797 231 1
797 462 1
797 474 1
797 504 1
797 702 1
798 403 1
798 872 1
799 86 1
799 777 1
800 475 1
800 510 1
800 804 1
805 187 1
805 569 1
805 700 1
806 179 1
806 977 1
807 172 1
807 435 1
807 773 1
807 795 1
807 812 1
808 194 1
808 729 1
809 690 1
809 863 1
809 867 1
810 316 1
810 411 1
810 911 1
811 371 1
811 530 1
811 561 1
811 791 1
814 859 1
816 569 1
817 578 1
818 211 1
819 2 1
819 524 1
819 952 1
820 838 1
823 446 1
823 958 1
825 354 1
825 508 1
825 659 1
825 746 1
827 599 1
828 266 1
828 378 1
828 752 1
829 108 1
829 499 1
829 840 1
830 493 1
830 676 1
830 840 1
831 37 1
831 104 1
831 819 1
832 9 1
832 932 1
833 441 1
834 231 1
834 373 1
834 377 1
834 523 1
834 653 1
835 831 1
836 342 1
838 365 1
839 14 1
839 72 1
839 218 1
839 709 1
840 876 1
841 403 1
841 768 1
841 812 1
841 829 1
842 214 1
842 714 1
842 760 1
843 211 1
844 132 1
844 199 1
844 941 1
844 955 1
845 764 1
846 33 1
846 164 1
846 217 1
846 551 1
846 586 1
846 941 1
847 399 1
847 618 1
847 958 1
848 911 1
849 610 1
849 773 1
849 868 1
849 992 1
851 126 1
851 371 1
851 752 1
852 838 1
852 925 1
853 354 1
853 433 1
854 192 1
854 302 1
854 655 1
854 717 1
854 995 1
855 824 1
856 192 1
856 261 1
856 648 1
856 897 1
857 16 1
857 266 1
857 310 1
857 343 1
857 798 1
857 920 1
860 644 1
861 732 1
861 849 1
861 876 1
861 980 1
862 199 1
864 904 1
865 103 1
865 579 1
866 82 1
866 124 1
866 139 1
866 187 1
866 932 1
867 324 1
869 256 1
869 265 1
869 936 1
870 601 1
870 678 1
870 946 1
870 954 1
873 439 1
873 578 1
873 609 1
874 5 1
874 18 1
874 40 1
875 793 1
876 175 1
877 50 1
877 948 1
878 659 1
878 968 1
879 28 1
879 315 1
879 812 1
880 166 1
882 103 1
882 382 1
882 624 1
882 879 1
883 80 1
883 555 1
883 569 1
884 85 1
884 162 1
884 472 1
884 690 1
884 703 1
884 770 1
886 19 1
886 21 1
886 234 1
886 311 1
886 387 1
886 813 1
887 47 1
887 361 1
887 373 1
887 629 1
887 882 1
889 154 1
889 673 1
889 803 1
891 190 1
891 280 1
891 469 1
891 989 1
893 137 1
896 231 1
896 377 1
898 5 1
898 652 1
898 956 1
899 187 1
899 614 1
899 679 1
899 849 1
899 969 1
900 3 1
900 122 1
900 501 1
901 45 1
902 236 1
902 386 1
903 162 1
903 201 1
903 587 1
903 954 1
903 993 1
905 138 1
906 827 1
906 880 1
906 893 1
907 39 1
908 102 1
910 285 1
910 705 1
910 720 1
910 894 1
911 233 1
912 618 1
912 703 1
912 831 1
912 880 1
912 977 1
915 171 1
915 302 1
916 7 1
916 171 1
916 349 1
916 379 1
916 637 1
916 649 1
916 834 1
916 852 1
916 989 1
917 82 1
918 164 1
918 437 1
918 764 1
918 788 1
918 817 1
919 448 1
920 269 1
920 744 1
920 996 1
921 560 1
921 665 1
922 530 1
922 985 1
923 361 1
924 264 1
924 287 1
924 786 1
925 147 1
926 535 1
927 949 1
930 29 1
930 472 1
930 583 1
930 663 1
930 664 1
930 679 1
930 741 1
930 867 1
932 155 1
932 163 1
933 67 1
933 101 1
933 150 1
933 895 1
933 944 1
934 65 1
934 191 1
934 356 1
934 644 1
934 682 1
934 980 1
935 112 1
936 130 1
936 196 1
938 40 1
938 104 1
938 298 1
938 412 1
938 696 1
938 697 1
938 976 1
940 319 1
940 644 1
940 922 1
941 233 1
941 330 1
941 384 1
942 253 1
942 559 1
943 196 1
943 406 1
945 973 1
946 40 1
946 865 1
947 196 1
948 48 1
948 872 1
948 888 1
949 89 1
949 528 1
953 968 1
954 163 1
954 380 1
954 697 1
955 403 1
955 595 1
956 253 1
956 550 1
958 944 1
959 24 1
959 210 1
959 297 1
959 393 1
959 399 1
959 463 1
959 686 1
960 40 1
960 45 1
960 233 1
960 600 1
960 652 1
961 116 1
961 444 1
961 471 1
961 572 1
961 703 1
961 854 1
961 909 1
962 280 1
962 281 1
962 405 1
962 619 1
962 663 1
962 841 1
963 31 1
964 25 1
964 301 1
964 824 1
965 792 1
966 256 1
966 384 1
966 587 1
966 892 1
967 718 1
969 168 1
969 297 1
969 636 1
969 810 1
970 706 1
970 802 1
971 752 1
972 208 1
972 240 1
972 622 1
974 32 1
975 439 1
975 735 1
976 363 1
976 432 1
976 978 1
978 175 1
978 328 1
979 782 1
980 272 1
981 661 1
981 838 1
982 9 1
982 62 1
982 166 1
982 408 1
982 563 1
982 678 1
983 530 1
983 712 1
985 141 1
985 327 1
987 269 1
987 687 1
989 48 1
989 399 1
990 250 1
990 744 1
991 11 1
991 20 1
991 78 1
991 81 1
991 392 1
991 511 1
991 537 1
991 700 1
992 81 1
992 322 1
992 481 1
993 301 1
994 89 1
995 505 1
996 445 1
997 39 1
997 595 1
998 246 1
998 247 1
998 286 1
998 384 1
998 511 1
998 881 1
999 386 1
999 813 1
999 833 1
